5_10
DEBUG: SEG Points array stored: [(1638, 684), (1622, 779), (1606, 852), (1587, 963), (1571, 1063), (1555, 1180), (1536, 1309), (1520, 1400), (1504, 1521), (1515, 1743), (1581, 1761), (1657, 1756), (1672, 1675), (1689, 1419), (1708, 1371), (1723, 1300), (1740, 1212), (1759, 1126), (1774, 982), (1775, 713)]
DEBUG: Equation displayed: x = -0.079y + 1734.529
DEBUG: Interpolated Points array stored: [(1680, 684), (1659, 953), (1638, 1222), (1616, 1491), (1595, 1761)]

10_10
DEBUG: SEG Points array stored: [(1638, 684), (1622, 774), (1606, 833), (1587, 953), (1571, 1063), (1555, 1155), (1536, 1281), (1520, 1395), (1504, 1488), (1515, 1743), (1587, 1761), (1647, 1756), (1662, 1723), (1678, 1645), (1698, 1405), (1713, 1343), (1729, 1270), (1749, 1174), (1764, 1074), (1780, 928), (1779, 726)]
DEBUG: Equation displayed: x = -0.072y + 1730.339
DEBUG: Interpolated Points array stored: [(1680, 684), (1672, 803), (1663, 923), (1654, 1043), (1646, 1162), (1637, 1282), (1628, 1402), (1620, 1521), (1611, 1641), (1602, 1761)]

15_10
DEBUG: SEG Points array stored: [(1632, 665), (1617, 798), (1601, 920), (1581, 1016), (1566, 1111), (1550, 1228), (1530, 1324), (1515, 1405), (1499, 1478), (1576, 1762), (1658, 1746), (1677, 1684), (1693, 1497), (1699, 1390), (1718, 1347), (1733, 1252), (1750, 1154), (1769, 1015), (1784, 795), (1775, 703), (1754, 688)]
DEBUG: Equation displayed: x = -0.089y + 1757.150
DEBUG: Interpolated Points array stored: [(1697, 665), (1690, 743), (1684, 821), (1677, 900), (1670, 978), (1663, 1056), (1656, 1135), (1649, 1213), (1642, 1291), (1635, 1370), (1628, 1448), (1621, 1526), (1614, 1605), (1607, 1683), (1600, 1762)]

20_10
DEBUG: SEG Points array stored: [(1638, 684), (1622, 784), (1606, 857), (1587, 977), (1571, 1063), (1555, 1165), (1536, 1300), (1520, 1400), (1504, 1545), (1515, 1743), (1581, 1761), (1662, 1756), (1677, 1728), (1694, 1414), (1713, 1361), (1728, 1276), (1745, 1169), (1764, 1097), (1779, 823), (1780, 737)]
DEBUG: Equation displayed: x = -0.086y + 1745.129
DEBUG: Interpolated Points array stored: [(1686, 684), (1681, 740), (1676, 797), (1671, 854), (1666, 910), (1661, 967), (1656, 1024), (1651, 1080), (1647, 1137), (1642, 1194), (1637, 1250), (1632, 1307), (1627, 1364), (1622, 1420), (1617, 1477), (1612, 1534), (1607, 1590), (1602, 1647), (1598, 1704), (1593, 1761)]

25_10
DEBUG: SEG Points array stored: [(1632, 684), (1617, 798), (1601, 896), (1581, 1021), (1566, 1116), (1550, 1242), (1530, 1324), (1515, 1414), (1499, 1540), (1566, 1757), (1663, 1746), (1682, 1689), (1688, 1439), (1704, 1371), (1723, 1323), (1739, 1218), (1755, 1121), (1774, 991), (1779, 713)]
DEBUG: Equation displayed: x = -0.066y + 1721.309
DEBUG: Interpolated Points array stored: [(1676, 684), (1673, 728), (1670, 773), (1667, 818), (1664, 862), (1661, 907), (1658, 952), (1655, 996), (1652, 1041), (1649, 1086), (1646, 1131), (1643, 1175), (1640, 1220), (1638, 1265), (1635, 1309), (1632, 1354), (1629, 1399), (1626, 1444), (1623, 1488), (1620, 1533), (1617, 1578), (1614, 1622), (1611, 1667), (1608, 1712), (1605, 1757)]

30_10
DEBUG: SEG Points array stored: [(1627, 684), (1612, 822), (1596, 944), (1576, 1050), (1561, 1169), (1545, 1281), (1525, 1358), (1510, 1429), (1494, 1531), (1459, 1598), (1525, 1756), (1652, 1756), (1667, 1694), (1683, 1607), (1693, 1434), (1708, 1358), (1724, 1280), (1744, 1207), (1759, 1103), (1775, 948), (1774, 726)]
DEBUG: Equation displayed: x = -0.104y + 1761.323
DEBUG: Interpolated Points array stored: [(1690, 684), (1686, 720), (1682, 757), (1678, 794), (1674, 831), (1671, 868), (1667, 905), (1663, 942), (1659, 979), (1655, 1016), (1651, 1053), (1647, 1090), (1644, 1127), (1640, 1164), (1636, 1201), (1632, 1238), (1628, 1275), (1624, 1312), (1621, 1349), (1617, 1386), (1613, 1423), (1609, 1460), (1605, 1497), (1601, 1534), (1598, 1571), (1594, 1608), (1590, 1645), (1586, 1682), (1582, 1719), (1578, 1756)]

5_5
DEBUG: SEG Points array stored: [(1638, 665), (1631, 718), (1622, 789), (1612, 804), (1606, 857), (1597, 938), (1587, 968), (1580, 1040), (1571, 1082), (1561, 1122), (1555, 1194), (1546, 1275), (1536, 1309), (1529, 1358), (1520, 1400), (1510, 1415), (1504, 1468), (1479, 1746), (1520, 1752), (1570, 1761), (1653, 1761), (1662, 1738), (1672, 1722), (1678, 1665), (1688, 1569), (1688, 1501), (1694, 1405), (1703, 1372), (1713, 1357), (1719, 1323), (1728, 1281), (1739, 1265), (1745, 1207), (1754, 1155), (1764, 1130), (1770, 986), (1779, 814), (1805, 784), (1780, 732), (1774, 698), (1759, 692), (1750, 684)]
DEBUG: Equation displayed: x = -0.100y + 1770.052
DEBUG: Interpolated Points array stored: [(1703, 665), (1676, 939), (1648, 1213), (1621, 1487), (1593, 1761)]

10_5
DEBUG: SEG Points array stored: [(1632, 684), (1626, 756), (1617, 803), (1607, 819), (1601, 891), (1592, 962), (1581, 1011), (1575, 1050), (1566, 1097), (1556, 1170), (1550, 1242), (1541, 1308), (1530, 1338), (1524, 1377), (1515, 1410), (1505, 1430), (1499, 1468), (1520, 1756), (1571, 1762), (1657, 1761), (1663, 1742), (1672, 1704), (1682, 1665), (1689, 1564), (1688, 1439), (1698, 1414), (1704, 1376), (1713, 1343), (1723, 1318), (1729, 1265), (1739, 1223), (1749, 1183), (1755, 1135), (1764, 1059), (1774, 1000), (1780, 832), (1805, 737), (1779, 721)]
DEBUG: Equation displayed: x = -0.073y + 1733.352
DEBUG: Interpolated Points array stored: [(1683, 684), (1675, 803), (1666, 923), (1657, 1043), (1648, 1163), (1640, 1282), (1631, 1402), (1622, 1522), (1614, 1642), (1605, 1762)]

15_5
DEBUG: SEG Points array stored: [(1627, 684), (1621, 775), (1612, 818), (1602, 847), (1596, 939), (1587, 1025), (1576, 1054), (1570, 1088), (1561, 1183), (1551, 1223), (1545, 1285), (1536, 1347), (1525, 1362), (1519, 1406), (1510, 1443), (1500, 1478), (1519, 1751), (1561, 1761), (1657, 1752), (1667, 1742), (1673, 1689), (1682, 1617), (1693, 1559), (1689, 1438), (1698, 1396), (1708, 1381), (1714, 1352), (1723, 1314), (1733, 1284), (1740, 1222), (1749, 1160), (1759, 1140), (1765, 1053), (1774, 944), (1784, 813), (1785, 751), (1779, 708)]
DEBUG: Equation displayed: x = -0.080y + 1744.288
DEBUG: Interpolated Points array stored: [(1689, 684), (1683, 760), (1677, 837), (1671, 914), (1665, 991), (1659, 1068), (1652, 1145), (1646, 1222), (1640, 1299), (1634, 1376), (1628, 1453), (1622, 1530), (1616, 1607), (1610, 1684), (1603, 1761)]

20_5
DEBUG: SEG Points array stored: [(1632, 684), (1626, 761), (1617, 803), (1607, 823), (1601, 891), (1592, 962), (1581, 1011), (1575, 1059), (1566, 1121), (1556, 1184), (1550, 1266), (1541, 1328), (1530, 1353), (1524, 1396), (1515, 1438), (1505, 1468), (1499, 1540), (1500, 1751), (1561, 1757), (1652, 1780), (1658, 1751), (1667, 1733), (1677, 1713), (1683, 1626), (1693, 1420), (1703, 1400), (1709, 1371), (1718, 1338), (1728, 1304), (1734, 1241), (1744, 1170), (1754, 1145), (1760, 1106), (1769, 1006), (1779, 967), (1785, 803), (1784, 727), (1774, 712)]
DEBUG: Equation displayed: x = -0.087y + 1750.178
DEBUG: Interpolated Points array stored: [(1691, 684), (1686, 741), (1681, 799), (1676, 857), (1671, 914), (1666, 972), (1661, 1030), (1656, 1087), (1651, 1145), (1646, 1203), (1641, 1260), (1636, 1318), (1631, 1376), (1626, 1433), (1621, 1491), (1616, 1549), (1611, 1606), (1606, 1664), (1601, 1722), (1596, 1780)]

25_5
DEBUG: SEG Points array stored: [(1632, 684), (1626, 756), (1617, 798), (1607, 823), (1601, 915), (1592, 967), (1581, 1021), (1575, 1059), (1566, 1116), (1556, 1175), (1550, 1252), (1541, 1323), (1530, 1343), (1524, 1382), (1515, 1419), (1505, 1444), (1499, 1521), (1520, 1756), (1571, 1762), (1657, 1756), (1663, 1742), (1672, 1685), (1682, 1645), (1689, 1544), (1688, 1435), (1698, 1410), (1704, 1376), (1713, 1348), (1723, 1328), (1729, 1280), (1739, 1228), (1749, 1188), (1755, 1145), (1764, 1064), (1774, 991), (1780, 842), (1805, 742), (1779, 726)]
DEBUG: Equation displayed: x = -0.078y + 1739.910
DEBUG: Interpolated Points array stored: [(1686, 684), (1683, 728), (1679, 773), (1676, 818), (1672, 863), (1669, 908), (1665, 953), (1662, 998), (1658, 1043), (1655, 1088), (1651, 1133), (1648, 1178), (1645, 1223), (1641, 1267), (1638, 1312), (1634, 1357), (1631, 1402), (1627, 1447), (1624, 1492), (1620, 1537), (1617, 1582), (1613, 1627), (1610, 1672), (1606, 1717), (1603, 1762)]

30_5
DEBUG: SEG Points array stored: [(1632, 684), (1626, 742), (1617, 789), (1607, 804), (1601, 867), (1592, 948), (1581, 992), (1575, 1045), (1566, 1106), (1556, 1160), (1550, 1228), (1541, 1299), (1530, 1324), (1524, 1367), (1515, 1405), (1505, 1425), (1499, 1473), (1500, 1751), (1561, 1757), (1652, 1780), (1658, 1751), (1667, 1728), (1677, 1713), (1683, 1636), (1693, 1478), (1693, 1448), (1699, 1400), (1708, 1367), (1718, 1347), (1724, 1294), (1733, 1242), (1744, 1212), (1750, 1145), (1759, 1103), (1769, 1039), (1775, 972), (1784, 795), (1784, 741), (1775, 708)]
DEBUG: Equation displayed: x = -0.070y + 1730.273
DEBUG: Interpolated Points array stored: [(1682, 684), (1679, 721), (1677, 759), (1674, 797), (1671, 835), (1669, 872), (1666, 910), (1664, 948), (1661, 986), (1658, 1024), (1656, 1061), (1653, 1099), (1650, 1137), (1648, 1175), (1645, 1213), (1642, 1250), (1640, 1288), (1637, 1326), (1634, 1364), (1632, 1402), (1629, 1439), (1627, 1477), (1624, 1515), (1621, 1553), (1619, 1591), (1616, 1628), (1613, 1666), (1611, 1704), (1608, 1742), (1605, 1780)]
