5_5
DEBUG: SEG Points array stored: [(1632, 684), (1626, 770), (1617, 808), (1607, 833), (1601, 915), (1592, 976), (1581, 1021), (1575, 1064), (1566, 1121), (1556, 1180), (1550, 1242), (1541, 1318), (1530, 1348), (1524, 1382), (1515, 1419), (1505, 1444), (1499, 1507), (1505, 1751), (1566, 1757), (1652, 1780), (1658, 1746), (1667, 1723), (1677, 1693), (1683, 1616), (1693, 1425), (1703, 1400), (1709, 1361), (1718, 1329), (1728, 1294), (1734, 1241), (1744, 1165), (1754, 1140), (1760, 1102), (1769, 1001), (1779, 967), (1785, 794), (1784, 732), (1774, 707)]
DEBUG: Equation displayed: x = 0.000y^2 + -0.304y + 1875.649
DEBUG: Interpolated Points array stored: [(1708, 684), (1664, 958), (1634, 1232), (1616, 1506), (1612, 1780)]

10_5
DEBUG: SEG Points array stored: [(1638, 665), (1631, 732), (1622, 774), (1612, 795), (1606, 833), (1597, 923), (1587, 968), (1580, 1035), (1571, 1068), (1561, 1103), (1555, 1199), (1546, 1270), (1536, 1309), (1529, 1358), (1520, 1405), (1510, 1430), (1504, 1507), (1479, 1737), (1520, 1743), (1565, 1751), (1587, 1761), (1642, 1762), (1652, 1756), (1658, 1742), (1667, 1685), (1677, 1660), (1683, 1597), (1693, 1507), (1693, 1424), (1699, 1390), (1708, 1362), (1718, 1342), (1724, 1280), (1733, 1237), (1744, 1212), (1750, 1150), (1759, 1107), (1769, 1063), (1775, 972), (1784, 770), (1784, 750), (1775, 713), (1769, 693), (1759, 683)]
DEBUG: Equation displayed: x = 0.000y^2 + -0.194y + 1819.189
DEBUG: Interpolated Points array stored: [(1708, 665), (1691, 786), (1676, 908), (1662, 1030), (1649, 1152), (1638, 1274), (1627, 1396), (1618, 1518), (1610, 1640), (1603, 1762)]

15_5
DEBUG: SEG Points array stored: [(1632, 665), (1626, 742), (1617, 784), (1607, 804), (1601, 891), (1592, 962), (1581, 1001), (1575, 1045), (1566, 1082), (1556, 1127), (1550, 1223), (1541, 1304), (1530, 1329), (1524, 1372), (1515, 1414), (1505, 1454), (1499, 1507), (1505, 1742), (1546, 1747), (1580, 1756), (1592, 1780), (1652, 1752), (1662, 1746), (1668, 1693), (1677, 1642), (1688, 1597), (1689, 1497), (1693, 1415), (1703, 1395), (1709, 1357), (1718, 1319), (1728, 1289), (1734, 1246), (1744, 1184), (1754, 1154), (1760, 1111), (1769, 987), (1779, 948), (1780, 746), (1774, 703), (1764, 692)]
DEBUG: Equation displayed: x = 0.000y^2 + -0.155y + 1784.636
DEBUG: Interpolated Points array stored: [(1694, 665), (1685, 744), (1677, 824), (1668, 903), (1660, 983), (1653, 1063), (1646, 1142), (1639, 1222), (1633, 1302), (1627, 1381), (1621, 1461), (1616, 1541), (1612, 1620), (1607, 1700), (1603, 1780)]

20_5
DEBUG: SEG Points array stored: [(1638, 665), (1631, 742), (1622, 779), (1612, 795), (1606, 838), (1597, 928), (1587, 958), (1580, 1030), (1571, 1058), (1561, 1083), (1555, 1165), (1546, 1251), (1536, 1305), (1529, 1353), (1520, 1390), (1510, 1411), (1504, 1483), (1479, 1732), (1510, 1738), (1545, 1746), (1566, 1756), (1597, 1762), (1652, 1761), (1658, 1751), (1667, 1733), (1677, 1679), (1683, 1612), (1693, 1478), (1693, 1429), (1699, 1390), (1708, 1358), (1718, 1342), (1724, 1299), (1733, 1252), (1744, 1217), (1750, 1154), (1759, 1112), (1769, 1073), (1775, 976), (1784, 867), (1784, 827), (1785, 742), (1779, 713), (1769, 702), (1760, 684)]
DEBUG: Equation displayed: x = 0.000y^2 + -0.175y + 1816.457
DEBUG: Interpolated Points array stored: [(1712, 665), (1704, 722), (1697, 780), (1689, 838), (1682, 895), (1675, 953), (1668, 1011), (1661, 1069), (1655, 1126), (1648, 1184), (1642, 1242), (1636, 1300), (1631, 1357), (1625, 1415), (1620, 1473), (1614, 1531), (1609, 1588), (1605, 1646), (1600, 1704), (1596, 1762)]

25_5
DEBUG: SEG Points array stored: [(1632, 665), (1626, 751), (1617, 789), (1607, 804), (1601, 891), (1592, 962), (1581, 1001), (1575, 1050), (1566, 1097), (1556, 1160), (1550, 1232), (1541, 1308), (1530, 1334), (1524, 1372), (1515, 1405), (1505, 1425), (1499, 1502), (1505, 1742), (1546, 1747), (1580, 1756), (1592, 1780), (1652, 1757), (1662, 1751), (1668, 1732), (1677, 1651), (1688, 1612), (1689, 1492), (1693, 1406), (1703, 1390), (1709, 1357), (1718, 1314), (1728, 1284), (1734, 1231), (1744, 1160), (1754, 1135), (1760, 1087), (1769, 977), (1779, 948), (1780, 742), (1774, 703), (1764, 692)]
DEBUG: Equation displayed: x = 0.000y^2 + -0.210y + 1817.115
DEBUG: Interpolated Points array stored: [(1700, 665), (1693, 711), (1687, 757), (1681, 804), (1675, 850), (1670, 897), (1664, 943), (1659, 990), (1654, 1036), (1650, 1083), (1645, 1129), (1641, 1176), (1637, 1222), (1633, 1268), (1629, 1315), (1626, 1361), (1623, 1408), (1620, 1454), (1617, 1501), (1615, 1547), (1613, 1594), (1611, 1640), (1609, 1687), (1607, 1733), (1606, 1780)]

30_5
DEBUG: SEG Points array stored: [(1638, 665), (1631, 732), (1622, 774), (1612, 790), (1606, 833), (1597, 928), (1587, 963), (1580, 1035), (1571, 1058), (1561, 1083), (1555, 1175), (1546, 1260), (1536, 1305), (1529, 1348), (1520, 1385), (1510, 1406), (1504, 1468), (1479, 1737), (1515, 1743), (1560, 1751), (1581, 1761), (1652, 1762), (1662, 1756), (1668, 1742), (1677, 1675), (1688, 1636), (1689, 1483), (1693, 1415), (1703, 1395), (1709, 1357), (1718, 1319), (1728, 1289), (1734, 1241), (1744, 1175), (1754, 1145), (1760, 1102), (1769, 1001), (1779, 967), (1780, 857), (1784, 785), (1784, 745), (1775, 713), (1769, 693), (1759, 683)]
DEBUG: Equation displayed: x = 0.000y^2 + -0.233y + 1848.120
DEBUG: Interpolated Points array stored: [(1716, 665), (1710, 702), (1704, 740), (1698, 778), (1693, 816), (1687, 854), (1682, 891), (1677, 929), (1672, 967), (1667, 1005), (1662, 1043), (1657, 1081), (1653, 1118), (1649, 1156), (1645, 1194), (1641, 1232), (1637, 1270), (1633, 1308), (1630, 1345), (1626, 1383), (1623, 1421), (1620, 1459), (1617, 1497), (1615, 1535), (1612, 1572), (1610, 1610), (1607, 1648), (1605, 1686), (1603, 1724), (1601, 1762)]

5_10
DEBUG: SEG Points array stored: [(1638, 665), (1622, 774), (1606, 833), (1587, 958), (1571, 1058), (1555, 1160), (1536, 1295), (1520, 1381), (1504, 1454), (1520, 1743), (1587, 1761), (1657, 1756), (1672, 1694), (1689, 1564), (1698, 1410), (1713, 1343), (1729, 1270), (1749, 1174), (1764, 1040), (1780, 822), (1779, 721), (1764, 684)]
DEBUG: Equation displayed: x = 0.000y^2 + -0.268y + 1853.596
DEBUG: Interpolated Points array stored: [(1708, 665), (1667, 939), (1637, 1213), (1618, 1487), (1610, 1761)]

10_10
DEBUG: SEG Points array stored: [(1632, 665), (1617, 779), (1601, 886), (1581, 1021), (1566, 1130), (1550, 1237), (1530, 1329), (1515, 1419), (1499, 1516), (1541, 1747), (1592, 1780), (1667, 1746), (1682, 1608), (1689, 1424), (1708, 1381), (1723, 1295), (1740, 1222), (1759, 1130), (1774, 953), (1780, 832), (1779, 731), (1764, 665)]
DEBUG: Equation displayed: x = 0.000y^2 + -0.231y + 1848.381
DEBUG: Interpolated Points array stored: [(1717, 665), (1697, 788), (1679, 912), (1663, 1036), (1648, 1160), (1634, 1284), (1623, 1408), (1612, 1532), (1604, 1656), (1597, 1780)]

15_10
DEBUG: SEG Points array stored: [(1638, 665), (1622, 784), (1606, 843), (1587, 958), (1571, 1073), (1555, 1194), (1536, 1309), (1520, 1410), (1504, 1516), (1505, 1738), (1561, 1756), (1652, 1761), (1667, 1694), (1683, 1573), (1703, 1395), (1718, 1319), (1734, 1246), (1754, 1145), (1769, 992), (1785, 798), (1774, 707)]
DEBUG: Equation displayed: x = 0.000y^2 + -0.108y + 1765.021
DEBUG: Interpolated Points array stored: [(1695, 665), (1687, 743), (1679, 821), (1671, 899), (1664, 978), (1656, 1056), (1648, 1134), (1641, 1213), (1633, 1291), (1626, 1369), (1619, 1447), (1611, 1526), (1604, 1604), (1597, 1682), (1590, 1761)]

20_10
DEBUG: SEG Points array stored: [(1638, 665), (1622, 779), (1606, 852), (1587, 953), (1571, 1049), (1555, 1175), (1536, 1305), (1520, 1395), (1504, 1521), (1525, 1743), (1587, 1761), (1672, 1751), (1688, 1579), (1694, 1405), (1713, 1357), (1728, 1271), (1745, 1179), (1764, 1106), (1779, 819), (1780, 732), (1764, 692)]
DEBUG: Equation displayed: x = 0.000y^2 + -0.189y + 1814.325
DEBUG: Interpolated Points array stored: [(1705, 665), (1697, 722), (1689, 780), (1682, 838), (1675, 895), (1668, 953), (1661, 1011), (1655, 1068), (1648, 1126), (1643, 1184), (1637, 1241), (1631, 1299), (1626, 1357), (1621, 1414), (1617, 1472), (1612, 1530), (1608, 1587), (1604, 1645), (1601, 1703), (1597, 1761)]

25_10
DEBUG: SEG Points array stored: [(1638, 665), (1622, 774), (1606, 833), (1587, 963), (1571, 1073), (1555, 1194), (1536, 1309), (1520, 1390), (1504, 1478), (1520, 1743), (1581, 1761), (1662, 1756), (1677, 1656), (1689, 1483), (1703, 1400), (1718, 1319), (1734, 1241), (1754, 1159), (1769, 987), (1780, 756), (1764, 697)]
DEBUG: Equation displayed: x = 0.000y^2 + -0.143y + 1778.643
DEBUG: Interpolated Points array stored: [(1693, 665), (1688, 710), (1683, 756), (1679, 802), (1674, 847), (1669, 893), (1665, 939), (1660, 984), (1656, 1030), (1652, 1076), (1648, 1121), (1644, 1167), (1640, 1213), (1636, 1258), (1632, 1304), (1628, 1350), (1625, 1395), (1621, 1441), (1618, 1487), (1615, 1532), (1612, 1578), (1609, 1624), (1606, 1669), (1603, 1715), (1600, 1761)]

30_10
DEBUG: SEG Points array stored: [(1638, 665), (1622, 784), (1606, 838), (1587, 958), (1571, 1049), (1555, 1141), (1536, 1290), (1520, 1390), (1504, 1497), (1520, 1743), (1587, 1761), (1662, 1756), (1677, 1728), (1689, 1492), (1703, 1385), (1718, 1309), (1734, 1241), (1754, 1150), (1769, 987), (1780, 862), (1784, 745), (1769, 693)]
DEBUG: Equation displayed: x = 0.000y^2 + -0.233y + 1840.495
DEBUG: Interpolated Points array stored: [(1710, 665), (1704, 702), (1699, 740), (1693, 778), (1688, 816), (1682, 853), (1677, 891), (1672, 929), (1668, 967), (1663, 1005), (1659, 1042), (1654, 1080), (1650, 1118), (1646, 1156), (1643, 1194), (1639, 1231), (1636, 1269), (1632, 1307), (1629, 1345), (1626, 1383), (1623, 1420), (1621, 1458), (1618, 1496), (1616, 1534), (1614, 1572), (1612, 1609), (1610, 1647), (1608, 1685), (1607, 1723), (1605, 1761)]